image_width: 1920
image_height: 1208
camera_name: centre
camera_matrix:
  rows: 3
  cols: 3
  data: [1009.094298, 0.000000, 956.342531, 0.000000, 1012.881029, 597.344911, 0.000000, 0.000000, 1.000000]
distortion_model: plumb_bob
distortion_coefficients:
  rows: 1
  cols: 5
  data: [-0.262347, 0.047646, 0.005386, 0.000936, 0.000000]
rectification_matrix:
  rows: 3
  cols: 3
  data: [1.000000, 0.000000, 0.000000, 0.000000, 1.000000, 0.000000, 0.000000, 0.000000, 1.000000]
projection_matrix:
  rows: 3
  cols: 4
  data: [672.087646, 0.000000, 962.905204, 0.000000, 0.000000, 903.859863, 604.816961, 0.000000, 0.000000, 0.000000, 1.000000, 0.000000]
