image_width: 1920
image_height: 1208
camera_name: left
camera_matrix:
  rows: 3
  cols: 3
  data: [1843.442169, 0.000000, 962.952849, 0.000000, 1840.870353, 566.847579, 0.000000, 0.000000, 1.000000]
distortion_model: plumb_bob
distortion_coefficients:
  rows: 1
  cols: 5
  data: [-0.290026, 0.113929, -0.000439, -0.002958, 0.000000]
rectification_matrix:
  rows: 3
  cols: 3
  data: [0.999080, -0.007920, -0.042140, 0.008280, 0.999931, 0.008370, 0.042071, -0.008711, 0.999077]
projection_matrix:
  rows: 3
  cols: 4
  data: [1831.587108, 0.000000, 980.891174, 0.000000, 0.000000, 1831.587108, 558.726349, 0.000000, 0.000000, 0.000000, 1.000000, 0.000000]
