image_width: 1920
image_height: 1208
camera_name: right
camera_matrix:
  rows: 3
  cols: 3
  data: [1848.962191, 0.000000, 931.985359, 0.000000, 1849.980908, 559.065425, 0.000000, 0.000000, 1.000000]
distortion_model: plumb_bob
distortion_coefficients:
  rows: 1
  cols: 5
  data: [-0.299325, 0.152645, -0.001743, -0.000289, 0.000000]
rectification_matrix:
  rows: 3
  cols: 3
  data: [0.999876, -0.014067, 0.007088, 0.014127, 0.999864, -0.008493, -0.006968, 0.008592, 0.999939]
projection_matrix:
  rows: 3
  cols: 4
  data: [1831.587108, 0.000000, 980.891174, -456.968851, 0.000000, 1831.587108, 558.726349, 0.000000, 0.000000, 0.000000, 1.000000, 0.000000]
